Traffic Loading Report
----------------------

Traffic source: Traffic from traffic database                     

Circuit-switched blocking probability:   1.00%

Circuit-switched average call duration:   1.76 minutes

Percent of total traffic carried by group: 100.00 %

          Circuit Traffic  Circuit Traffic   Number of    Channel  Current Blocking Packet Traffic
Sector ID   (mErlangs)    Required Channels Channels Set Shortfall Probability (%)  (average mbps)
--------- --------------- ----------------- ------------ --------- ---------------- --------------
ABAA0001       653.83              4              8          -4          0.00          0.6538
ABAB0002     12124.84             22             24          -2          0.18         12.1248
ABAC0001      6533.50             14             16          -2          0.13          6.5335
ABAD0003       893.87              5              8          -3          0.00          0.8939
ABAD0004      1379.76              6              8          -2          0.01          1.3798
ABAE0001      5963.60             13             16          -3          0.05          5.9636
ABAE0002      3623.79             10             16          -6          0.00          3.6238
ABAF0001     20666.34             33             40          -7          0.00         20.6663
ABAF0003     18527.15             30             32          -2          0.30         18.5271
ABAG0001      9938.06             19             24          -5          0.01          9.9381
ABAG0002     25024.02             39             40          -1          0.00         25.0240
ABAH0001      3641.84             10             16          -6          0.00          3.6418
ABAI0001      1166.81              5              8          -3          0.00          1.1668
ABAI0002       782.88              4              8          -4          0.00          0.7829
ABAJ0002       680.85              4              8          -4          0.00          0.6808
ABAJ0003      1241.87              5              8          -3          0.00          1.2419
ABAK0001      4421.57             11             16          -5          0.00          4.4216
ABAK0003      7502.35             16             16           0          0.50          7.5023
ABAL0001         0.00              1              0           1          0.00          0.0000
ABAM0001      5861.42             13             16          -3          0.04          5.8614
ABAM0002      6932.58             15             16          -1          0.23          6.9326
ABAN0001       365.91              3              8          -5          0.00          0.3659
ABAN0002       116.97              2              8          -6          0.00          0.1170
ABAO0001      7031.61             15             16          -1          0.27          7.0316
ABAO0003      1865.82              7              8          -1          0.07          1.8658
ABAP0001     11423.08             21             24          -3          0.08         11.4231
ABAQ0001      1025.87              5              8          -3          0.00          1.0259
ABAR0001     10939.82             20             24          -4          0.05         10.9398
ABAS0001      8465.03             17             24          -7          0.00          8.4650
ABAT0001      1382.72              6              8          -2          0.01          1.3827
ABAU0001        80.98              2              8          -6          0.00          0.0810
ABAV0001      1460.90              6              8          -2          0.01          1.4609
ABAW0001       311.94              3              8          -5          0.00          0.3119
ABAX0001       644.87              4              8          -4          0.00          0.6449
ABAY0001      1880.74              7              8          -1          0.08          1.8807
ABAY0002      3659.72             10             16          -6          0.00          3.6597
ABAZ0001      2897.71              9             16          -7          0.00          2.8977
ABBA0001     17188.97             29             32          -3          0.09         17.1890
ABBA0002      4469.77             11             16          -5          0.00          4.4698
ABBB0002      2252.61              7              8          -1          0.24          2.2526
ABBC0002       581.91              4              8          -4          0.00          0.5819
ABBD0001     13877.02             24             24           0          0.93         13.8770
ABBE0001      2993.88              9             16          -7          0.00          2.9939
ABBE0002      1382.93              6              8          -2          0.01          1.3829
ABBF0002     14701.40             25             32          -7          0.01         14.7014
ABBF0003     13918.98             24             24           0          0.97         13.9190
ABBG0001      3764.49             10             16          -6          0.00          3.7645
ABBH0002      3281.85              9             16          -7          0.00          3.2819
ABBI0001      3329.78              9             16          -7          0.00          3.3298
ABBJ0001      1661.69              6              8          -2          0.03          1.6617
ABBK0001       275.97              3              8          -5          0.00          0.2760
ABBK0002      1298.89              6              8          -2          0.01          1.2989
ABBL0001      2585.65              8              8           0          0.55          2.5856
ABBM0001      1943.72              7              8          -1          0.10          1.9437
ABBN0001     24196.24             38             40          -2          0.00         24.1962
ABBO0001       914.90              5              8          -3          0.00          0.9149
ABBP0001      1487.78              6              8          -2          0.02          1.4878
ABBQ0001      1412.84              6              8          -2          0.01          1.4128
ABBR0001      4082.67             11             16          -5          0.00          4.0827
ABBS0001      1319.90              6              8          -2          0.01          1.3199
ABBT0001      1646.75              6              8          -2          0.03          1.6467
ABBU0002      1529.82              6              8          -2          0.02          1.5298
