-122.582624936742, 44.6307715460241, 1276.97
-122.590759486574, 44.6532576050029, 1123.75
-122.602418670011, 44.6433637390522, 1120.42
-122.599959424301, 44.6291975218956, 1120.72
-122.586762775059, 44.4974292162804, 1097.23
-122.594960137369, 44.6190787953552, 1086.13
-122.602373482426, 44.6433637390522, 1119.99
-122.620397475721, 44.6316709883833, 966.855
-122.583186381322, 44.4825884173545, 1188.06
-122.59763892452, 44.5023761492557, 953.295
-122.607696441602, 44.5082225245902, 920.804
-122.613455325266, 44.499902682768, 891.27
-122.617535570025, 44.5133943181553, 888.757
-122.621671653762, 44.5343063530055, 853
-122.603457539281, 44.4816889749953, 824.682
-122.644933630241, 44.563313369088, 804.701
-122.635045166465, 44.5165423664123, 801.891
-122.636518535573, 44.6507841385152, 801.124
-122.632387411733, 44.4965297739212, 786.087
-122.610858390141, 44.469321642557, 782.393
-122.592482831595, 44.737580326173, 783.788
-122.588547166391, 44.8317969132938, 774.219
-122.633334990672, 44.6157058865084, 777.607
-122.625059604794, 44.6674238221594, 760.486
-122.592374300642, 44.6732701974939, 760.803
-122.584966704629, 44.6800160151875, 761.528
-122.602560806521, 44.5266610929527, 755.834
-122.619353641377, 44.4909082591766, 739.89
-122.604202658075, 44.8342703797814, 738.784
-122.590145357093, 44.8542829722725, 737.801
-122.635023389114, 44.602439111711, 718.679
-122.638444700764, 44.5525200607782, 709.351
-122.58579977743, 44.5934446881195, 700.604
-122.621751880229, 44.8308974709346, 693.511
-122.644190183281, 44.5266610929527, 694.868
-122.607461601373, 44.7357814414547, 688.026
-122.635829244773, 44.472469690814, 681.708
-122.622617731452, 44.47674204202, 679.381
-122.614083201486, 44.6759685245713, 674.524
-122.653299182896, 44.5026010098455, 672.267
-122.625635781329, 44.5442002189561, 654.481
-122.635028278418, 44.8308974709346, 654.084
-122.62002966958, 44.6314461277935, 966.972
-122.649146275664, 44.654157047362, 649.775
-122.666764740177, 44.5615144843697, 645.737
-122.65349668133, 44.5750061197569, 639.466
-122.610868764048, 44.8367438462691, 719.792
-122.634148251036, 44.8450636880912, 629.343
-122.627457112772, 44.4841624414829, 682.648
-122.635811027112, 44.6766431063407, 625.998
-122.599133694854, 44.5442002189561, 625.212
-122.661598133365, 44.6458372055399, 625.679
-122.592645393389, 44.6914839052666, 624.781
-122.635747698599, 44.821003604984, 618.346
-122.616824888966, 44.8466377122197, 609.215
-122.588985314428, 44.5540940849067, 603.265
-122.591760771024, 44.7459001679951, 598.887
-122.607482274538, 44.5516206184191, 598.437
-122.597494669573, 44.4598774977859, 593.999
-122.88504512148, 44.4333439481911, 592.652
-122.65740416079, 44.4909082591766, 591.853
-122.664930252587, 44.4448118382702, 593.459
-122.607493466516, 44.6849629481628, 593.422
-122.651558286173, 44.8407913368853, 586.659
-122.899260605074, 44.4234500822404, 592.655
-122.669966319645, 44.6534824655926, 588.721
-122.6584503834, 44.6323455701526, 583.343
-122.648340906272, 44.6849629481628, 582.851
-122.662516767154, 44.5291345594404, 575.805
-122.621856401878, 44.8567564387602, 573.685
-122.652544547763, 44.8540581116827, 574.777
-122.646690968695, 44.8259505379593, 571.293
-122.597548284765, 44.8225776291125, 571.578
-122.586595699056, 44.7231892484266, 569.155
-122.585719614656, 44.8174058355474, 569.438
-122.635813481966, 44.8565315781704, 566.572
-122.608479908266, 44.6950816747032, 560.623
-122.605915490797, 44.4499836318353, 560.813
-122.623451416655, 44.5675857202939, 557.773
-122.618364145581, 44.745000725636, 549.832
-122.638409851814, 44.4592029160166, 548.682
-122.6591342226, 44.5199152752591, 543.648
-122.601795699859, 44.7216152242981, 544.252
-122.589975255586, 44.563313369088, 539.844
-122.658399569455, 44.6107589535331, 536.567
-122.640758878938, 44.7009280500377, 535.776
-122.598332285299, 44.6125578382515, 981.733
-122.616519525324, 44.8176306961372, 527.511
-122.62337004292, 44.757592918664, 525.824
-122.869938295218, 44.4158048221877, 525.255
-122.608323689841, 44.5907463610421, 532.929
-122.606822887848, 44.5651122538063, 523.703
-122.661691254951, 44.824151653241, 525.566
-122.660881829365, 44.5109208516676, 517.885
-122.912438410303, 44.4191777310345, 516.397
-122.869029900259, 44.4349179723196, 513.081
-122.634417146875, 44.6867618328811, 514.554
-122.672520393117, 44.4367168570379, 514.152
-122.630827858891, 44.7391543503015, 518.746
-122.673277204691, 44.6264991948182, 511.343
-122.621598632161, 44.5974921787356, 509.47
-122.593284079615, 44.8099854360844, 512.101
-122.664818741196, 44.8441642457321, 505.732
-122.663347866525, 44.5815270768608, 507.058
-122.676508945753, 44.8324714950632, 503.566
-122.637290769281, 44.5781541680139, 501.462
-122.649196268097, 44.4515576559638, 500.327
-122.683298054265, 44.6507841385152, 494.819
-122.891702424479, 44.4441372565008, 497.555
-122.970844390949, 44.441888650603, 495.942
-122.673245680984, 44.5174418087714, 491.954
-122.633150178208, 44.456729449529, 568.319
-122.678431957923, 44.5399278677501, 483.245
-122.640105382509, 44.7474741921236, 479.716
-122.593470064759, 44.4198523128038, 480.307
-122.914965196267, 44.44503669886, 479.951
-122.688287605142, 44.5057490581025, 479.737
-122.656667270664, 44.4733691331732, 477.179
-122.691680318923, 44.8457382698606, 476.148
-122.601718169635, 44.5765801438854, 475.344
-122.878300534777, 44.4241246640098, 482.935
-122.65823408268, 44.5417267524684, 474.846
-122.665683559873, 44.4583034736574, 473.008
-122.638344994761, 44.7566934763049, 470.845
-122.638256591182, 44.4425632323723, 470.353
-122.641659552036, 44.7656878998964, 469.285
-122.6715401851, 44.4807895326361, 471.205
-122.662477760443, 44.685862390522, 479.313
-122.624144526955, 44.4490841894762, 468.832
-122.727480599024, 44.674169639853, 465.707
-122.674383627427, 44.5491471519314, 462.67
-122.685079433537, 44.8540581116827, 465.135
-122.681705744619, 44.6399908302054, 461.482
-122.682409147984, 44.4265981304974, 458.365
-122.941515729973, 44.4508830741945, 455.396
-122.676766711381, 44.4909082591766, 452.705
-122.686693608045, 44.4733691331732, 451.164
-122.902365384721, 44.4349179723196, 450.956
-122.585092594282, 44.573881816808, 446
-122.593420461512, 44.5857994280667, 449.371
-122.704242958025, 44.4349179723196, 447.224
-122.657547259249, 44.7623149910496, 442.95
-122.690848758336, 44.6606780044658, 439.276
-122.613320225209, 44.4358174146787, 449.613
-122.74497265984, 44.6701221492369, 436.755
-122.688418991204, 44.8198793020351, 443.687
-122.854135879606, 44.4391903235255, 432.553
-122.673283975261, 44.5866988704258, 428.902
-122.960024020019, 44.5050744763331, 433.404
-122.902457788004, 44.4675227578387, 430.695
-122.707326346817, 44.8540581116827, 429.367
-122.929140293444, 44.4499836318353, 427.751
-122.736679936512, 44.6806905969569, 423.136
-122.668287273567, 44.6665243798003, 421.856
-122.66420007789, 44.7949197765687, 422.681
-122.729869847505, 44.4400897658847, 418.381
-122.682398457349, 44.6125578382514, 417.47
-122.7183292773, 44.4324445058319, 420.485
-122.920672605788, 44.4292964575749, 412.624
-122.655890701192, 44.7483736344828, 415.405
-122.73434718276, 44.6858623905219, 419.905
-122.98514362682, 44.4367168570379, 409.87
-122.852666214127, 44.4191777310345, 406.673
-122.645734217087, 44.4299710393443, 403.582
-122.687457797446, 44.548472570162, 402.86
-122.716521044924, 44.6100843717637, 399.531
-122.70570590449, 44.5516206184191, 403.492
-122.744080346117, 44.4425632323723, 400.099
-122.752536498652, 44.6800160151875, 395.811
-122.709145140982, 44.8225776291125, 402.267
-122.732478602666, 44.6957562564726, 392.807
-122.841523224375, 44.4549305648106, 391.638
-122.945853097588, 44.4173788463162, 395.103
-122.826770392424, 44.4484096077068, 394.679
-122.707547770789, 44.6492101143867, 388.718
-122.764835001402, 44.6734950580837, 386.806
-122.675771559109, 44.5759055621161, 388.432
-122.683488085824, 44.7591669427926, 385.627
-122.715043109923, 44.6782171304692, 383.573
-122.704977146065, 44.7717591358206, 380.264
-122.745944763559, 44.6957562564726, 383.712
-122.896605953151, 44.4583034736574, 378.812
-122.619142703356, 44.7240886907858, 375.711
-122.686742089625, 44.622451704202, 371.867
-122.769197890013, 44.6840635058037, 371.39
-122.759036912339, 44.4533565406821, 369.574
-122.595004481966, 44.7832270258998, 370.307
-122.721630215761, 44.8608039293763, 364.676
-122.874931839838, 44.5266610929527, 370.472
-122.829144158257, 44.4574040312983, 366.012
-122.599978255008, 44.7573680580743, 362.162
-122.679642692573, 44.5349809347749, 429.831
-122.685888184404, 44.4475101653476, 363.848
-122.783345231921, 44.6800160151875, 360.454
-122.701662363081, 44.7616404092802, 358.067
-122.685029096446, 44.4601023583757, 360.799
-122.606513005935, 44.4200771733936, 354.277
-122.608320065039, 44.6950816747032, 560.843
-122.596825484378, 44.7031766559356, 352.685
-122.686798586347, 44.5691597444225, 355.325
-122.640693212511, 44.7009280500377, 535.699
-122.819189051695, 44.531608025928, 353.187
-123.122444708082, 44.8549575540419, 347.613
-122.688976729871, 44.8293234468061, 344.871
-122.705023638102, 44.4706708060957, 349.403
-122.652374882412, 44.8066125272376, 342.86
-122.708346480037, 44.5424013342378, 348.995
-122.853243028978, 44.4259235487281, 375.025
-122.713310842532, 44.7542200098172, 342.427
-122.67182146859, 44.6750690822122, 342.893
-122.62738857987, 44.5833259615791, 347.35
-122.703343414227, 44.4616763825042, 347.68
-122.707506314243, 44.4823635567646, 337.794
-122.739955697006, 44.737580326173, 335.088
-122.70669633502, 44.8398918945261, 334.561
-122.78669282645, 44.4875353503297, 342.254
-122.961775821508, 44.4191777310345, 335.462
-122.730003999847, 44.7539951492275, 334.785
-122.737413754435, 44.5266610929527, 336.117
-122.695875107305, 44.6042379964293, 338.384
-122.687341148702, 44.5808524950914, 334.761
-122.722606760133, 44.5367798194931, 337.521
-122.919202197535, 44.465049291351, 333.423
-122.721548935033, 44.8407913368853, 333.498
-122.619133407995, 44.800991012493, 331.3
-122.995808536586, 44.7825524441304, 329.933
-122.6983033901, 44.6332450125118, 330.203
-122.667486184761, 44.7200412001696, 332.801
-122.721745845599, 44.5531946425476, 329.374
-122.693269193659, 44.5232881841059, 329.502
-122.719224441461, 44.4783160661485, 327.535
-122.846710582584, 44.5450996613152, 324.382
-122.70491044342, 44.6141318623799, 323.418
-122.586507335217, 44.4349179723196, 324.55
-122.670200830457, 44.7659127604862, 318.882
-122.85664602625, 44.452457098323, 317.298
-122.727505184671, 44.7416278167892, 317.704
-123.114915047186, 44.8398918945261, 317.55
-122.720882494934, 44.6899098811381, 316.248
-122.734997886201, 44.5376792618523, 314.986
-122.885847071904, 44.4484096077068, 419.236
-122.984188382012, 44.7883988194649, 314.62
-122.766787503439, 44.5300340017995, 312.697
-122.834913156333, 44.5349809347748, 311.557
-122.723367906145, 44.779854117053, 309.523
-122.838363272915, 44.4198523128038, 311.226
-122.639202473661, 44.7982926854155, 312.029
-122.955955451549, 44.44503669886, 308.741
-122.720874760337, 44.7665873422555, 306.806
-122.667513453344, 44.8050385031091, 305.785
-123.099102939392, 44.8398918945261, 308.926
-122.763342792137, 44.479890090277, 306.398
-122.92321323628, 44.4765171814302, 304.429
-122.700856500314, 44.4915828409459, 311.599
-122.633250157705, 44.7139699642453, 301.791
-122.774903649992, 44.4834878597136, 303.204
-122.732517581249, 44.4742685755323, 302.021
-122.690075319449, 44.7508471009704, 299.758
-122.708402748678, 44.5675857202939, 297.75
-122.726644343587, 44.4508830741945, 300.384
-123.000901642173, 44.7958192189278, 296.625
-122.756647943407, 44.7348819990955, 295.572
-123.106554269046, 44.8583304628887, 293.716
-122.762325023753, 44.7258875755041, 291.362
-122.681669542464, 44.8084114119559, 291.035
-122.658323511709, 44.77243371759, 294.305
-122.838210946141, 44.4373914388072, 289.72
-123.082601280764, 44.83584440391, 289.932
-122.699174176122, 44.6827143422649, 290.943
-122.942543168667, 44.440764347654, 288.279
-122.941653615304, 44.4508830741944, 455.621
-122.816459022274, 44.6800160151875, 284.366
-122.735732314099, 44.5158677846429, 286.507
-122.688264657213, 44.6750690822122, 285.761
-122.725107567641, 44.8207787443942, 285.755
-122.694076577863, 44.5891723369135, 282.698
-122.94566605314, 44.4616763825042, 285.561
-122.73082317808, 44.8308974709346, 280.138
-122.72501005059, 44.7292604843509, 280.499
-122.649093927083, 44.7191417578105, 281.786
-122.861639283425, 44.5291345594404, 280.572
-122.745849208984, 44.5059739186923, 281.616
-122.736667374793, 44.5531946425476, 276.665
-122.765077594445, 44.4684222001979, 280.726
-122.726637559446, 44.8081865513661, 286.278
-122.980820441413, 44.7782800929245, 278.341
-122.720844248953, 44.7025020741662, 275.907
-122.625840032789, 44.7708596934615, 273.801
-122.829102247347, 44.685862390522, 274.641
-122.861673058413, 44.4733691331732, 274.864
-122.699972239499, 44.580177913322, 271.519
-122.712573852861, 44.4466107229885, 272.649
-122.735756089723, 44.4259235487281, 270.798
-122.610874906984, 44.768161366384, 271.111
-122.735032426689, 44.7674867846147, 270.803
-122.751651677423, 44.5275605353118, 274.22
-122.685903085518, 44.8032396183908, 279.813
-122.749844580514, 44.7441012832768, 268.906
-122.773327073114, 44.7373554655832, 268.301
-123.068207291956, 44.8392173127568, 265.452
-122.67172355621, 44.7007031894479, 265.747
-122.804235160251, 44.4149053798285, 268.294
-122.776704061521, 44.7240886907858, 264.894
-122.749780153242, 44.5374544012625, 264.971
-122.708185424971, 44.5916458034012, 263.681
-123.090037937158, 44.8515846451951, 266.048
-122.737571841119, 44.8466377122197, 264.674
-122.740820346791, 44.4167042645468, 261.075
-122.708428312417, 44.5167672270021, 267.198
-122.750032859341, 44.757592918664, 260.331
-122.712597235204, 44.5808524950914, 258.434
-123.054892117077, 44.8257256773695, 257.304
-122.724912064356, 44.4884347926889, 258.665
-122.85832987373, 44.4909082591766, 260.333
-122.71183209195, 44.4241246640098, 258.106
-123.004986143341, 44.8250510956002, 256.644
-122.692374920213, 44.4191777310345, 252.799
-122.837499752335, 44.6935076505747, 251.581
-122.730847830646, 44.6175047712267, 259.348
-122.75083827227, 44.851584645195, 250.693
-123.046629640555, 44.8333709374223, 249.905
-122.684179218679, 44.6935076505747, 250.534
-122.749305340421, 44.5466736854438, 257.739
-122.875766566989, 44.465049291351, 251.779
-122.944155894024, 44.4317699240625, 250.73
-122.700689252358, 44.8075119695968, 255.296
-122.679217898485, 44.7265621572734, 250.478
-122.730012940272, 44.595018712248, 250.666
-123.008306127617, 44.8090859937253, 247.643
-122.805078034473, 44.535880377134, 250.195
-122.71676992818, 44.4567294495289, 248.254
-123.078371876188, 44.8450636880912, 248.177
-122.740798015795, 44.8117843208027, 251.344
-123.089168619159, 44.8608039293763, 245.819
-122.972508910706, 44.752421125099, 247.543
-122.690871876114, 44.7166682913228, 248.413
-122.612557957842, 44.7126208007066, 245.046
-122.743426793998, 44.8608039293763, 242.293
-122.857312532834, 44.4641498489919, 242.917
-122.643281324113, 44.7357814414547, 246.555
-123.023228473353, 44.4684222001978, 243.511
-122.75172430231, 44.7674867846147, 244.869
-122.72332267539, 44.5691597444225, 242.962
-122.787478612571, 44.7382549079424, 240.504
-122.716673117243, 44.6332450125118, 240.279
-122.760869805357, 44.5549935272659, 238.423
-122.792472686917, 44.5291345594404, 241.283
-123.038362817058, 44.8376432886283, 248.502
-123.025072024528, 44.8351698221406, 235.896
-122.741812036331, 44.8225776291125, 241.473
-122.751011137687, 44.7834518864896, 235.689
-122.760855711043, 44.752421125099, 247.186
-122.74912697008, 44.7056501224232, 237.826
-122.625779374735, 44.4167042645468, 239.267
-122.587491159343, 44.792446310081, 236.558
-122.964128450073, 44.7825524441304, 232.711
-122.584250772581, 44.7717591358206, 232.619
-122.669251102939, 44.7432018409177, 235.036
-122.828232094347, 44.5433007765969, 232.862
-122.712378108949, 44.5082225245902, 234.241
-122.970818254777, 44.7708596934615, 232.829
-123.050697830276, 44.8482117363482, 230.553
-122.729241150248, 44.580177913322, 230.64
-122.758210513586, 44.5167672270021, 231.705
-122.932490576459, 44.4832629991238, 232.556
-122.614336259017, 44.7917717283117, 229.569
-122.667442013046, 44.7092478918598, 233.311
-122.850055587565, 44.5340814924157, 230.57
-122.650778845476, 44.7958192189279, 381.186
-122.600830703279, 44.7942451947993, 228.338
-122.630845647752, 44.7841264682589, 227.867
-122.640790631507, 44.7773806505653, 229.906
-122.684955359558, 44.7043009588845, 228.48
-122.734887365982, 44.6584293985679, 228.698
-122.794192544239, 44.7299350661202, 228.654
-122.775789929803, 44.555892969625, 226.57
-123.038364426742, 44.8084114119559, 228.949
-122.795159290045, 44.5642128114472, 227.453
-122.814968044882, 44.4250241063689, 227.656
-122.960072386315, 44.7557940339457, 227.049
-122.744134238476, 44.5934446881195, 226.36
-122.795181737334, 44.4232252216506, 226.62
-122.782497381416, 44.5383538436216, 223.997
-122.731167267021, 44.50844738518, 242.453
-122.88417944552, 44.6674238221594, 222.207
-122.719014790957, 44.6206528194837, 222.355
-123.070129319313, 44.8583304628887, 220.973
-123.059939404325, 44.8165063931883, 222.163
-122.589141714272, 44.7625398516394, 219.828
-123.03166602345, 44.8473122939891, 219.321
-122.75586851137, 44.8108848784436, 222.7
-122.707480808769, 44.7382549079424, 218.879
-122.705851045076, 44.7123959401168, 215.761
-122.596828928229, 44.77243371759, 214.969
-122.837416612287, 44.5549935272659, 214.865
-122.839976172788, 44.5192406934897, 218.686
-122.802393768266, 44.4965297739212, 213.29
-122.979846993093, 44.5091219669493, 214.451
-123.033554376476, 44.8583304628887, 213.961
-122.976676561673, 44.8549575540419, 212.447
-122.752510460203, 44.5999656452233, 210.823
-123.050724204569, 44.8583304628887, 212.328
-123.033331413087, 44.8250510956002, 212.929
-122.755612637874, 44.824151653241, 210.905
-122.72251099563, 44.417603706906, 211.582
-122.608296142099, 44.7776055111551, 210.508
-122.800058058165, 44.7382549079424, 213.107
-123.130818304967, 44.8407913368853, 210.762
-122.755065353534, 44.5882728945544, 208.124
-122.774828162135, 44.5201401358489, 207.797
-122.743388527161, 44.4832629991238, 210.124
-122.789174237863, 44.7492730768419, 207.201
-122.801685346576, 44.7274615996326, 216.458
-122.729077223773, 44.6366179213586, 213.194
-122.735040300603, 44.6033385540701, 207.927
-122.945789697574, 44.504175033974, 209.726
-122.742388891565, 44.8324714950631, 277.415
-122.764239629128, 44.8342703797814, 204.69
-122.768330449282, 44.769285669333, 212.524
-122.872570858772, 44.6701221492369, 206.416
-122.781565892455, 44.4167042645468, 207.372
-122.705818364355, 44.7225146666573, 204.84
-123.016495728353, 44.654157047362, 205.74
-122.824255181884, 44.5165423664123, 210.898
-122.766739611404, 44.8509100634257, 202.8
-122.857390567799, 44.6750690822122, 203.498
-122.810044025437, 44.4391903235255, 203.601
-123.013462810278, 44.8506852028359, 201.395
-122.657655282163, 44.7366808838138, 200.697
-122.823431736094, 44.4457112806294, 376.321
-122.806700535199, 44.4490841894762, 202.549
-122.681739947541, 44.7665873422555, 289.777
-122.775896617191, 44.6125578382514, 200.013
-122.772592663612, 44.5959181546071, 203.951
-122.770050359397, 44.499902682768, 202.26
-122.769939304623, 44.4484096077068, 202.585
-122.790107965715, 44.4425632323723, 199.557
-122.850847296292, 44.5599404602412, 203.31
-123.019956319533, 44.8158318114189, 196.881
-122.684910090687, 44.7391543503015, 198.831
-122.745896276389, 44.5750061197569, 197.839
-122.817564614181, 44.4675227578387, 196.547
-122.990861217512, 44.8574310205295, 195.222
-122.971749149043, 44.796718661287, 196.139
-122.715722684257, 44.7931208918504, 192.25
-122.979955629666, 44.745000725636, 199.563
-122.869138004256, 44.6791165728283, 192.373
-123.019929471499, 44.8034644789806, 191.915
-122.681777006901, 44.7800789776428, 191.743
-122.953526004281, 44.7670370634351, 191.769
-122.90498058644, 44.484162441483, 194.914
-123.004113622698, 44.8407913368853, 193.627
-122.739162503393, 44.5642128114471, 191.465
-122.800080206365, 44.5066485004617, 190.182
-122.813401511135, 44.7342074173262, 188.085
-122.739982555581, 44.7274615996326, 189.674
-122.762434111037, 44.6033385540701, 195.636
-122.809114291619, 44.5192406934897, 191.234
-122.83416625541, 44.4749431573017, 188.838
-122.938335921197, 44.4715702484549, 187.879
-122.669946357551, 44.4167042645468, 192.572
-122.760796394884, 44.4900088168174, 187.716
-122.769938459961, 44.8207787443942, 185.708
-122.765802783651, 44.80413906075, 185.696
-122.705840823544, 44.7832270258998, 187.964
-122.895702159238, 44.6591039803373, 186.731
-122.94174494096, 44.8565315781704, 185.777
-122.85419360534, 44.6651752162615, 183.896
-122.849068198322, 44.4742685755323, 184.111
-122.781721195493, 44.8599044870172, 183.573
-122.669138271975, 44.7874993771057, 186.932
-122.650892843837, 44.7850259106181, 183.628
-122.761623833596, 44.580177913322, 182.301
-122.754896897047, 44.4167042645468, 184.252
-122.770029356256, 44.7791795352836, 181.914
-122.77928712477, 44.6991291653194, 182.264
-122.688496467709, 44.7969435218768, 234.324
-122.693390273345, 44.7843513288487, 182.375
-122.731714399291, 44.6476360902582, 182.753
-122.795001394184, 44.8617033717355, 179
-122.789165322052, 44.8306726103449, 180.223
-122.801625941202, 44.828424004447, 178.829
-122.710177061843, 44.8016655942623, 179.996
-122.809132984957, 44.7474741921236, 180.501
-122.815725307084, 44.7225146666573, 179.578
-122.812637251361, 44.5442002189561, 179.217
-122.940873102563, 44.4924822833051, 183.66
-122.962496791076, 44.4605520795553, 178.992
-123.029998161569, 44.7717591358206, 176.887
-122.749060591093, 44.6433637390522, 178.2
-123.140127629209, 44.8549575540419, 176.807
-122.781615718267, 44.5048496157434, 179.982
-122.724084492407, 44.4641498489919, 175.996
-122.777494954352, 44.8057130848785, 174.705
-122.785684571414, 44.7791795352836, 176.819
-122.782493501324, 44.7701851116921, 174.75
-122.784983309821, 44.6033385540701, 175.968
-122.789143445587, 44.8423653610138, 175.357
-122.74739937061, 44.7973932430564, 174.611
-122.733466850367, 44.7931208918504, 171.918
-122.950827347443, 44.7432018409177, 172.525
-122.993325184867, 44.8133583449312, 172.541
-122.745106728606, 44.6184042135858, 171.424
-122.805838947704, 44.8542829722725, 170.694
-122.778392142148, 44.8459631304504, 175.215
-123.20755682399, 44.6532576050028, 171.874
-122.780792263215, 44.5792784709629, 169.043
-122.954943661871, 44.4690967819672, 172.101
-122.803311343888, 44.4256986881383, 213.272
-122.989093498124, 44.8266251197287, 169.756
-122.790003796351, 44.8192047202657, 171.626
-122.77079763173, 44.6325704307424, 169.663
-122.844249310382, 44.7225146666573, 170.487
-122.757423286031, 44.6584293985679, 171.255
-123.054931019391, 44.4567294495289, 178.865
-122.806736211393, 44.5700591867816, 170.658
-122.874277568802, 44.4749431573017, 165.482
-122.807350879433, 44.8425902216036, 167.031
-122.893184159117, 44.4900088168174, 166.383
-122.990026182395, 44.8475371545789, 166.272
-122.699161143381, 44.7025020741662, 165.991
-122.776053152335, 44.4290715969851, 163.236
-122.796665469237, 44.7634392939985, 162.869
-122.739216295586, 44.626724055408, 170.462
-122.756490221995, 44.6141318623799, 163.538
-122.788416781455, 44.4324445058319, 164.506
-122.897416387846, 44.8614785111457, 160.729
-122.804254683306, 44.7708596934615, 160.993
-122.813309478057, 44.4850618838421, 162.758
-122.82167260802, 44.8441642457321, 163.956
-122.803359978645, 44.8183052779066, 160.474
-123.041791717497, 44.6914839052666, 159.696
-123.139130255964, 44.6716961733654, 159.926
-122.797382107117, 44.6082854870454, 163.934
-122.73980218381, 44.4940563074336, 163.278
-122.790070026881, 44.4625758248634, 159.748
-123.002513911734, 44.8617033717355, 161.107
-122.824189207161, 44.7465747497645, 158.842
-122.792530584866, 44.6215522618429, 161.477
-122.925101328353, 44.8475371545789, 157.984
-122.833301067297, 44.7267870178632, 158.384
-122.916694675921, 44.5032755916149, 164.246
-122.763468265851, 44.4250241063689, 158.812
-123.01759086307, 44.7899728435934, 159.383
-122.786690754888, 44.7982926854155, 160.387
-122.8440632561, 44.6797911545977, 154.938
-122.777408098565, 44.6692227068777, 158.034
-122.756824159848, 44.626724055408, 156.243
-122.800017210182, 44.5442002189561, 154.651
-122.761798147467, 44.7942451947993, 155.451
-122.800952250941, 44.4699962243264, 156.551
-122.834231014111, 44.7524211250989, 154.694
-123.018438802865, 44.4173788463162, 155.277
-122.811648683952, 44.7591669427926, 152.886
-122.804975287832, 44.4583034736574, 153.556
-123.011686006411, 44.7800789776428, 159.113
-122.845728753501, 44.7348819990956, 154.231
-122.818470941093, 44.5639879508574, 151.383
-122.918402198416, 44.4940563074336, 151.118
-123.028986405017, 44.6865369722913, 151.039
-122.820845768201, 44.5725326532693, 154.473
-122.794093155483, 44.4526819589127, 149.981
-123.045861712367, 44.7982926854155, 149.776
-122.823378314399, 44.4976540768702, 148.477
-122.835035581936, 44.8407913368853, 146.66
-122.718280074598, 44.7141948248351, 145.998
-122.783358092161, 44.5133943181553, 146.757
-123.179799914341, 44.7874993771057, 144.759
-122.783303310294, 44.4715702484549, 146.222
-122.774950758158, 44.4616763825042, 147.638
-122.797639638509, 44.8032396183908, 144.327
-122.800866054087, 44.7933457524402, 144.83
-122.85210400535, 44.7216152242981, 158.873
-123.050933042167, 44.7141948248351, 143.847
-122.753213643726, 44.4974292162804, 143.48
-122.877483076975, 44.8608039293763, 144.061
-122.974974401783, 44.8081865513661, 143.697
-122.789017763258, 44.7890734012342, 143.577
-122.738382231903, 44.7157688489636, 144.87
-123.174200312136, 44.6766431063407, 143.971
-122.870046514036, 44.6609028650556, 147.411
-122.784918846417, 44.6375173637177, 142.771
-122.769109684378, 44.6217771224326, 142.415
-122.773602656118, 44.440764347654, 142.917
-122.817312895529, 44.8142577872904, 141.502
-122.95907028015, 44.792446310081, 140.373
-122.764861342892, 44.5736569562182, 161.353
-122.796726124833, 44.5183412511306, 142.749
-122.949912791642, 44.4807895326361, 141.757
-122.781492761293, 44.4526819589127, 140.954
-122.816680639813, 44.7841264682589, 143.359
-122.825792780389, 44.7708596934615, 140.371
-123.195156300983, 44.6575299562088, 139.705
-122.824884156277, 44.4657238731204, 239.657
-122.825020397623, 44.4657238731204, 239.646
-122.91980766571, 44.8617033717355, 138.39
-122.844121556011, 44.8608039293763, 138.875
-122.85405685119, 44.848436596938, 140.58
-122.845698043873, 44.7690608087432, 139.028
-123.120857429639, 44.6782171304692, 138.396
-123.135910389191, 44.6474112296684, 138.618
-122.826594517271, 44.4823635567646, 138.808
-122.810841987949, 44.8059379454683, 137.977
-123.152500252639, 44.6818148999058, 137.999
-122.9823862429, 44.4274975728566, 140.441
-122.813311686381, 44.7958192189278, 136.882
-122.884935100608, 44.5392532859808, 144.145
-123.150038106592, 44.646736647899, 135.653
-122.840131678774, 44.5900717792727, 135.81
-122.817408763389, 44.5817519374505, 139.527
-122.87255810833, 44.4974292162804, 137.515
-122.837484348765, 44.4882099320991, 136.357
-122.86098816765, 44.8592299052478, 134.758
-122.98580332303, 44.7225146666573, 137.295
-122.793403893986, 44.5882728945544, 134.215
-122.813269929592, 44.824151653241, 133.906
-122.835688336273, 44.7857004923874, 136.716
-122.85920972852, 44.7308345084794, 136.682
-122.867486811045, 44.7191417578105, 137.657
-122.840119361279, 44.6033385540701, 134.641
-122.753129265597, 44.5666862779348, 133.9
-122.829985753815, 44.8198793020351, 137.208
-122.825973403386, 44.8066125272376, 133.329
-122.799165619416, 44.7832270258998, 132.743
-122.854954028535, 44.7416278167892, 132.887
-122.78241041919, 44.626724055408, 133.733
-122.888336952853, 44.6791165728283, 131.728
-122.833340556261, 44.6148064441493, 132.992
-122.824922846492, 44.7958192189279, 131.877
-122.763255752823, 44.7117213583475, 132.461
-122.880802682984, 44.4825884173544, 133.4
-122.799222692673, 44.4816889749953, 133.707
-122.825910220969, 44.8583304628887, 129.717
-122.86063767951, 44.8290985862163, 130.232
-122.822432022315, 44.7539951492274, 157.346
-122.814109956503, 44.5484725701621, 158.779
-122.861652914172, 44.5075479428208, 130.131
-123.192592029393, 44.7665873422555, 131.514
-122.816549357133, 44.615031304739, 130.573
-122.820122299098, 44.50844738518, 144.708
-122.874040458336, 44.5066485004617, 131.319
-122.942410250432, 44.8441642457321, 131.852
-122.837586515367, 44.8268499803185, 127.458
-122.838433184308, 44.8000915701338, 127.674
-122.92507674016, 44.5109208516676, 130.158
-122.839185026738, 44.4983286586395, 127.923
-122.895705149726, 44.5217141599774, 126.055
-122.851570070346, 44.7850259106181, 126.647
-122.829130001175, 44.7643387363577, 128.759
-122.778358422694, 44.7126208007066, 126.97
-122.796510456978, 44.6424642966931, 125.743
-122.849267938709, 44.5050744763331, 128.774
-122.83991139104, 44.8133583449312, 124.967
-123.166689790584, 44.7899728435934, 127.595
-122.852406949445, 44.7600663851517, 125.587
-122.81585974073, 44.6258246130488, 125.937
-122.98763645582, 44.4191777310345, 124.617
-122.850876995766, 44.8099854360844, 125.778
-122.829930092004, 44.6750690822122, 124.542
-123.121803181579, 44.654157047362, 125.476
-122.850047964709, 44.8216781867534, 123.558
-122.85155798145, 44.8000915701338, 122.89
-122.762504102411, 44.6483106720275, 123.995
-122.799058593476, 44.6300969642548, 123.639
-122.847491675476, 44.5817519374505, 124.749
-122.835766708098, 44.5783790286037, 126.276
-122.910698232196, 44.8533835299133, 121.727
-122.866782907668, 44.7742326023083, 123.159
-122.855116245187, 44.5149683422838, 126.422
-122.844964313262, 44.8342703797814, 122.578
-122.86094849009, 44.7917717283117, 122.116
-122.795947008972, 44.5783790286037, 120.123
-122.885978203434, 44.5032755916148, 122.561
-122.86422522855, 44.8158318114189, 119.924
-122.890035657468, 44.8007661519032, 123.15
-122.893390864156, 44.7683862269738, 122.811
-122.849880823479, 44.7517465433296, 120.563
-122.793406885068, 44.7123959401168, 119.434
-122.858421435575, 44.6892352993688, 120.533
-123.013353720851, 44.685862390522, 122.557
-122.864956600786, 44.563313369088, 120.69
-122.83422020553, 44.5066485004617, 119.761
-122.972598953157, 44.8201041626249, 119.578
-122.862513978675, 44.8050385031091, 118.892
-122.876689515758, 44.7883988194649, 121.167
-123.025811695739, 44.7000286076785, 119.728
-122.914196479549, 44.5817519374505, 119.749
-122.875051596364, 44.5750061197569, 120.818
-122.880792819671, 44.5183412511306, 120.809
-123.205835089414, 44.8050385031091, 118.624
-122.874599259237, 44.800991012493, 117.811
-123.195751755264, 44.8000915701338, 120.781
-122.790892071465, 44.7040760982947, 118.508
-123.159214102429, 44.6692227068777, 117.935
-122.861599937557, 44.5941192698888, 119.861
-122.874925174315, 44.5266610929526, 370.432
-122.878168057428, 44.8290985862163, 117.917
-122.878184659783, 44.7791795352836, 116.979
-122.874923770291, 44.5482477095723, 117.546
-122.933312814063, 44.5008021251272, 116.766
-122.871592535319, 44.8506852028359, 115.32
-122.853453742177, 44.8383178703976, 118.679
-122.877499706662, 44.8099854360844, 117.912
-122.90076999581, 44.8084114119559, 118.43
-122.8399296721, 44.5666862779348, 115.529
-122.880106073679, 44.5615144843697, 116.189
-122.90417145523, 44.5008021251272, 116.919
-122.893389561461, 44.7874993771057, 118.521
-122.864261163166, 44.7524211250989, 114.697
-123.071612340798, 44.7074490071415, 115.304
-122.796680397, 44.6732701974939, 117.076
-122.811002828421, 44.6433637390522, 114.782
-122.897416387846, 44.5124948757961, 117.465
-122.870103543797, 44.8407913368853, 114.607
-122.893386892661, 44.828424004447, 113.278
-122.876453587194, 44.8192047202657, 113.897
-122.892569510174, 44.8158318114189, 115.658
-122.876696463462, 44.7683862269738, 113.707
-122.90836865597, 44.7683862269738, 114.349
-122.88005253215, 44.7499476586113, 115.808
-123.151725001077, 44.7425272591483, 114.888
-122.803317542939, 44.7065495647824, 113.843
-122.805047144015, 44.6966556988317, 114.599
-122.879114524831, 44.685862390522, 113.804
-122.803398922699, 44.6557310714905, 113.525
-122.77848262491, 44.6516835808743, 114.747
-122.773304387032, 44.6433637390522, 114.824
-122.888359681446, 44.5300340017995, 114.684
-122.915077079719, 44.5199152752591, 114.261
-122.908371142464, 44.7809784200019, 113.32
-122.829066154793, 44.7166682913228, 113.625
-122.837562318589, 44.8509100634257, 111.623
-122.975831687262, 44.8365189856793, 112.108
-123.164279971434, 44.7683862269738, 112.093
-122.899265658339, 44.5399278677501, 112.447
-122.883379762354, 44.8533835299134, 112.705
-122.872449826544, 44.7591669427926, 110.939
-122.989048874171, 44.5165423664123, 111.476
-122.971586578987, 44.4942811680234, 111.463
-122.885775129136, 44.8407913368853, 110.643
-122.908373986175, 44.7951446371585, 109.515
-122.869924723415, 44.74072837443, 110.705
-122.814921934731, 44.7135202430658, 109.906
-122.820811263935, 44.7056501224232, 110.736
-122.803269699931, 44.5965927363765, 110.897
-122.855749646089, 44.5716332109101, 110.783
-122.90336259924, 44.5266610929527, 110.869
-122.905846087427, 44.8407913368853, 110.245
-122.905832120002, 44.7499476586113, 110.488
-123.020703923429, 44.6874364146505, 124.964
-122.826817422798, 44.598166760505, 108.655
-122.897416387846, 44.5808524950914, 111.54
-122.970951041669, 44.5250870688242, 109.665
-122.929989955021, 44.5199152752591, 108.684
-122.996817534245, 44.5017015674863, 108.754
-122.946609382686, 44.7791795352836, 107.936
-122.983337208051, 44.7665873422555, 109.503
-122.889141663253, 44.7591669427926, 107.939
-122.927580747191, 44.7373554655832, 108.362
-122.894886077339, 44.689010438779, 108.215
-122.806552899107, 44.6874364146505, 107.924
-122.890793879216, 44.5491471519314, 107.836
-122.913370692734, 44.5365549589033, 107.648
-123.191555091288, 44.7834518864896, 107.628
-122.888327177422, 44.7425272591483, 109.776
-122.8818078546, 44.6008650875824, 106.244
-122.863321725964, 44.5792784709629, 106.72
-122.902465808802, 44.5599404602412, 110.301
-122.908325405739, 44.5475731278029, 106.816
-122.925762072509, 44.5318328865178, 106.829
-123.035941807804, 44.4200771733936, 106.592
-122.909874236309, 44.8308974709346, 108.171
-122.905842900895, 44.8201041626249, 105.726
-122.921648798764, 44.8115594602129, 107.365
-123.10430594303, 44.7733331599491, 106.664
-122.924020201033, 44.7659127604862, 105.983
-122.90330011902, 44.7591669427926, 105.959
-122.882447583794, 44.7342074173262, 105.882
-122.822390800773, 44.6336947336914, 105.869
-122.854226258566, 44.6217771224326, 106.681
-122.923243073653, 44.5424013342378, 105.882
-122.92090738683, 44.7991921277747, 105.7
-122.92082167324, 44.7899728435934, 104.908
-122.870979544307, 44.7108219159883, 109.341
-122.841507399273, 44.7074490071415, 105.866
-122.839249046129, 44.6593288409271, 106.257
-122.788220714728, 44.6582045379782, 104.689
-122.859062007271, 44.6125578382514, 104.567
-122.917612198498, 44.5549935272659, 105.595
-122.942386886573, 44.528459977671, 104.712
-122.942378472288, 44.5183412511306, 104.981
-122.947445745862, 44.8007661519032, 104.469
-123.05919904253, 44.7933457524402, 103.722
-122.925068700479, 44.7800789776428, 103.5
-122.99996405501, 44.7283610419917, 104.839
-122.826750648647, 44.654157047362, 110.165
-122.835836589078, 44.6433637390522, 103.88
-122.875034643947, 44.6208776800735, 108.36
-122.888347380671, 44.6107589535331, 103.976
-122.855866708529, 44.6033385540701, 103.954
-122.913379822313, 44.5691597444225, 105.76
-122.944106933405, 44.5399278677501, 103.768
-122.899274241071, 44.737580326173, 102.975
-122.880959655637, 44.7231892484266, 103.498
-122.809114741484, 44.6665243798003, 102.648
-122.8325117734, 44.6273986371773, 102.984
-122.905812320242, 44.6206528194837, 102.457
-122.872371866858, 44.6116583958922, 102.818
-122.929116729851, 44.8176306961372, 104.456
-122.933275582747, 44.7976181036462, 102.729
-123.022570465073, 44.7483736344828, 102.025
-122.87233460629, 44.6966556988317, 102.548
-122.842582722599, 44.6698972886471, 101.579
-122.910861599087, 44.5974921787356, 103.866
-122.924981392096, 44.598166760505, 102.72
-122.935059257526, 44.555892969625, 101.724
-122.955021547071, 44.5466736854438, 101.898
-122.960099620374, 44.5050744763333, 433.056
-122.994219045742, 44.4558300071698, 102.718
-122.941548486064, 44.789298261824, 100.7
-122.859227435902, 44.7034015165254, 101.002
-122.902616682721, 44.6782171304692, 102.182
-122.825852832426, 44.6082854870454, 102.509
-122.894891169825, 44.5725326532693, 101.597
-122.955904849203, 44.5300340017995, 101.873
-122.936718068526, 44.8090859937253, 100.569
-122.933341726823, 44.7733331599491, 100.98
-122.963260721926, 44.7384797685321, 99.6179
-122.915143432808, 44.7373554655832, 99.9701
-122.89645837081, 44.7292604843509, 100
-123.008500993327, 44.6766431063407, 102.584
-123.170724256447, 44.6658497980309, 100.867
-122.862614396418, 44.6343693154607, 99.9332
-122.926677214478, 44.5642128114471, 99.798
-123.010091248896, 44.4256986881383, 100.28
-122.924197093373, 44.8374184280385, 99.7348
-122.962462916088, 44.8266251197287, 102.251
-122.942616583416, 44.8216781867534, 100.481
-123.207395465736, 44.8176306961372, 99.3254
-123.012460360088, 44.7591669427926, 99.7071
-122.918132210143, 44.7566934763049, 99.8635
-122.935859726546, 44.7483736344828, 99.766
-122.919978834721, 44.7258875755041, 99.4477
-122.936660584953, 44.7249881331449, 98.8793
-122.896741806077, 44.7166682913228, 98.9061
-122.824149194871, 44.6683232645186, 98.9675
-122.838429303023, 44.6341444548709, 101.69
-122.929148896667, 44.6233511465611, 102.556
-122.813363176398, 44.6042379964292, 98.8847
-122.813295119037, 44.5882728945543, 108.705
-122.880772276661, 44.590746361042, 98.9847
-123.019891356043, 44.5732072350386, 100.063
-122.9757974042, 44.4783160661485, 100.914
-122.925910216151, 44.8275245620878, 97.8755
-122.963343843901, 44.8108848784436, 98.9145
-122.883410560626, 44.7117213583475, 98.7882
-122.897416387846, 44.7040760982947, 97.856
-122.926683052323, 44.5765801438854, 97.8196
-122.95756721329, 44.5675857202939, 97.4355
-122.95503321237, 44.559041017882, 97.7815
-122.960873189793, 44.539028425391, 98.7464
-123.031758792918, 44.7908722859526, 100.435
-123.212500328331, 44.7825524441304, 96.9352
-122.918271187657, 44.7476990527134, 96.9254
-122.90582798401, 44.7234141090164, 96.8909
-122.915024252108, 44.6267240554079, 97.992
-122.869174650699, 44.602439111711, 96.763
-122.948150295972, 44.5774795862446, 96.9211
-122.939891390116, 44.5666862779348, 96.9529
-122.96914355128, 44.5583664361127, 97.864
-122.994979501402, 44.4259235487281, 96.9973
-122.952466032623, 44.813583205521, 96.9592
-122.933250397319, 44.7582675004334, 95.5718
-123.18413461334, 44.6842883663935, 95.6478
-122.902609038985, 44.6082854870454, 96.7054
-122.975883086041, 44.5426261948276, 96.5777
-122.98096153066, 44.5291345594404, 95.9881
-122.981638297281, 44.4949557497927, 102.862
-123.127504177171, 44.440764347654, 95.829
-122.94009056949, 44.8349449615508, 94.549
-123.146578528052, 44.776706068796, 98.195
-123.132499442581, 44.6865369722913, 96.6843
-122.852488851173, 44.6525830232335, 96.5627
-122.864996053712, 44.6465117873092, 95.62
-122.884188933813, 44.626724055408, 95.5405
-122.899129108757, 44.5900717792727, 95.622
-122.999244323835, 44.5759055621161, 94.8009
-122.990828967902, 44.8374184280385, 93.8969
-123.039113892736, 44.7807535594121, 95.1717
-122.916627424284, 44.7159937095534, 93.5861
-122.930763210867, 44.6941822323441, 97.6154
-123.161805696441, 44.6516835808743, 97.407
-122.908345468511, 44.6507841385152, 96.65
-122.937608769596, 44.5916458034012, 94.8716
-122.971679699147, 44.5657868355757, 94.8178
-123.006542950446, 44.5482477095723, 94.3796
-122.991606740467, 44.5383538436216, 93.8367
-123.176677585344, 44.4958551921519, 95.92
-123.130776065108, 44.4265981304975, 94.7138
-123.058379783968, 44.417603706906, 94.8198
-122.964196566707, 44.8407913368853, 92.8615
-123.165830290486, 44.7809784200019, 93.8076
-122.911562280432, 44.7065495647824, 93.2226
-123.195047231033, 44.6800160151875, 95.4935
-122.935905708541, 44.6058120205578, 94.8531
-122.926601733295, 44.5851248462973, 92.7839
-122.984083993833, 44.5700591867816, 93.2762
-122.98257665476, 44.5565675513944, 92.6971
-122.999163739615, 44.5300340017995, 92.8709
-123.1932265439, 44.4832629991238, 96.4577
-122.962518001341, 44.4792155085076, 92.8421
-123.014117859827, 44.4373914388072, 92.6376
-123.161035611571, 44.4340185299604, 93.6013
-123.004900246459, 44.4158048221877, 92.9617
-122.959133288469, 44.8506852028359, 91.6576
-123.009227836409, 44.7465747497645, 91.7141
-122.926664301754, 44.7049755406539, 92.8156
-123.205894202931, 44.6892352993688, 93.2509
-123.137521473396, 44.646736647899, 138.832
-122.884099673135, 44.6458372055399, 91.6571
-122.963520250077, 44.6458372055399, 91.9612
-122.942474111805, 44.6399908302054, 93.7053
-122.951513967805, 44.6042379964292, 92.6299
-122.959978914167, 44.590746361042, 92.6843
-122.977561282883, 44.5808524950914, 91.812
-122.966639319161, 44.5759055621161, 91.9105
-122.986574497129, 44.5475731278029, 91.7236
-123.200828424641, 44.5334069106463, 91.7166
-122.998280271548, 44.5133943181553, 107.648
-122.999075476449, 44.4792155085076, 92.8686
-123.025817317192, 44.4382908811664, 92.7732
-123.104989247469, 44.4225506398813, 91.9824
-122.955113248076, 44.8617033717355, 90.9222
-122.99984596995, 44.741852677379, 91.5919
-122.947612215474, 44.7342074173262, 91.6395
-123.174177760738, 44.7191417578105, 92.6815
-122.929876038137, 44.7157688489636, 90.7624
-122.939959252317, 44.6582045379782, 90.3818
-122.850193675617, 44.642464296693, 90.9801
-122.97154253256, 44.6357184789994, 90.7895
-122.919932914124, 44.6091849294046, 91.6377
-122.989161366935, 44.587598312785, 90.5049
-123.035034385192, 44.5691597444225, 91.7119
-122.994973044189, 44.555892969625, 90.8292
-123.006613263935, 44.5385787042114, 90.9359
-123.009245141205, 44.5232881841059, 90.8517
-122.984857075343, 44.4859613262012, 90.8464
-122.962468942494, 44.4601023583757, 178.925
-122.962380128995, 44.4601023583757, 178.712
-122.975782950883, 44.4675227578387, 90.9984
-122.993981074231, 44.4425632323723, 199.835
-123.087422324818, 44.4425632323723, 91.4998
-122.985190837927, 44.4367168570379, 409.816
-123.076676079796, 44.416479403957, 91.9271
-122.952550951888, 44.8349449615508, 89.8768
-122.954159795917, 44.7258875755041, 90.6498
-122.945064978815, 44.7157688489636, 90.2365
-122.960017257862, 44.7056501224232, 90.6534
-122.884987337685, 44.6998037470888, 89.9964
-122.911700930775, 44.6975551411909, 90.8543
-123.123331054653, 44.6640509133126, 92.3112
-122.907528839902, 44.6384168060769, 92.1429
-122.964159537066, 44.615031304739, 90.8326
-122.845750973517, 44.6125578382514, 90.9237
-123.011745218111, 44.511595433437, 90.2271
-123.158463980925, 44.4216511975221, 92.2448
-123.024223839519, 44.7573680580743, 88.7839
-122.918329996823, 44.6791165728284, 89.7558
-123.208332762722, 44.6725956157245, 92.1913
-122.945024658998, 44.6674238221594, 88.352
-122.911691976281, 44.6631514709535, 88.963
-122.891685971897, 44.6341444548709, 88.901
-122.943499576673, 44.6233511465611, 88.5625
-122.977577541793, 44.5925452457603, 88.8918
-123.051710526778, 44.5833259615791, 89.7205
-123.000849188721, 44.563313369088, 88.9995
-123.021908935219, 44.5459991036744, 88
-123.031765816207, 44.5399278677501, 88.8928
-123.019139186899, 44.535880377134, 89.6574
-123.021866485369, 44.5262113717731, 88
-123.010762004069, 44.4933817256642, 89.7983
-123.021785566111, 44.4882099320991, 88.4607
-123.095014669299, 44.452457098323, 89.7074
-123.004060121358, 44.4475101653476, 88.9862
-123.142594922779, 44.4342433905502, 88.3061
-123.024850384103, 44.428172154626, 88.6618
-123.188269785509, 44.7659127604862, 120.138
-122.960703640673, 44.7157688489636, 88.4927
-123.048279026533, 44.6674238221594, 87.6928
-123.147346905786, 44.6609028650556, 87.6647
-122.951556913844, 44.6501095567458, 88.4734
-123.177639426238, 44.6492101143867, 88.774
-122.875758094864, 44.6291975218956, 94.9259
-122.921796508197, 44.6350438972301, 87.747
-122.974615038987, 44.602439111711, 87.8539
-123.015860258038, 44.5642128114471, 87.6028
-123.024143216459, 44.5165423664123, 87.9677
-123.02411962519, 44.5057490581025, 87.7917
-123.148975111251, 44.5057490581025, 89.3467
-123.169012728442, 44.5050744763331, 90.0733
